num_of_units: 4
unit_0:
  x: -0.093215
  y: -0.225600
  z: 0.000485
  p0: 0.000000
  p1: 1.000000
unit_1:
  x: 0.100082
  y: 0.234271
  z: 0.000485
  p0: 0.000000
  p1: 1.000000
unit_2:
  x: -0.117447
  y: 0.225600
  z: -0.000485
  p0: 0.000000
  p1: 1.000000
unit_3:
  x: 0.110580
  y: -0.234271
  z: -0.000485
  p0: 0.000000
  p1: 1.000000
