num_of_units: 4
unit_0:
  x: -0.000013
  y: 0.000031
  z: 0.236321
  p0: -0.198538
  p1: 0.954309
unit_1:
  x: 0.216080
  y: -0.000012
  z: -0.068134
  p0: -0.181109
  p1: 0.926510
unit_2:
  x: -0.108095
  y: 0.192780
  z: -0.082425
  p0: -0.192669
  p1: 0.966014
unit_3:
  x: -0.107972
  y: -0.192799
  z: -0.085763
  p0: -0.130525
  p1: 0.945035
