num_of_units: 4
unit_0:
  x: 0.190929
  y: -0.270226
  z: 0.011696
  p0: -0.331787
  p1: 0.942849
unit_1:
  x: -0.205054
  y: -0.266330
  z: 0.017964
  p0: 0.291897
  p1: 0.956927
unit_2:
  x: -0.211108
  y: 0.249160
  z: 0.009383
  p0: 0.765492
  p1: 0.957746
unit_3:
  x: 0.186236
  y: 0.251674
  z: 0.005142
  p0: 0.600500
  p1: 0.942744
