num_of_units: 4
unit_0:
  x: -0.004553
  y: 0.006104
  z: 0.265829
  p0: -0.245663
  p1: 0.937053
unit_1:
  x: 0.195080
  y: -0.000675
  z: -0.048872
  p0: 0.271594
  p1: 0.933389
unit_2:
  x: -0.131667
  y: 0.192908
  z: -0.049888
  p0: 0.267746
  p1: 0.951339
unit_3:
  x: -0.127837
  y: -0.193067
  z: -0.045215
  p0: 0.229064
  p1: 0.933986
